# Frame list with one line of data per frame:
#   FRAME_ID, RIG_ID, RIG_FROM_WORLD[QW, QX, QY, QZ, TX, TY, TZ], NUM_DATA_IDS, DATA_IDS[] as (SENSOR_TYPE, SENSOR_ID, DATA_ID)
# Number of frames: 30
1 1 0.99960504155591012 0.028071432802988645 0.00050987326548263055 0.0012229413918777709 -2.4201998686761215 -0.14032525148955402 1.6400261618005854 1 CAMERA 1 1
2 1 0.99895425039389041 0.025749151906143811 -0.037631599042503738 -0.0033540348237819585 -2.0070587508742426 -0.08194514302676438 1.633685663066724 1 CAMERA 1 2
3 1 0.99574368016175141 0.024610293884227492 -0.088202994699765849 -0.010444547805281253 -1.6416311326896902 -0.063672665410454674 1.5214280306319996 1 CAMERA 1 3
4 1 0.98863691717102831 0.02457154818324439 -0.14708800635532343 -0.018931545443002764 -1.2403665452064385 -0.038664048944865304 1.1415589248272107 1 CAMERA 1 4
5 1 0.97684477996459262 0.022992459020221654 -0.21104969456921152 -0.026526385098098168 -0.74581008089310508 0.087866566405849236 0.92903684525030172 1 CAMERA 1 5
6 1 0.96020986162087796 0.023589979889919403 -0.27656173283790547 -0.030889195918682895 -0.016306864468505024 0.097119874099311609 0.95665506047699655 1 CAMERA 1 6
7 1 0.93766521816271242 0.027586899013501264 -0.34482082176537687 -0.03348884183936543 0.64245254881525327 0.05927821983004717 0.83726359713442389 1 CAMERA 1 7
8 1 0.90825489419284866 0.035545822287741786 -0.4153980361053779 -0.035412050101920438 1.2577627137356608 0.059887853430735341 0.9447316325133629 1 CAMERA 1 8
9 1 0.87337769757751582 0.04581952451588911 -0.48317548391311216 -0.040662271120350459 1.9084005195427818 0.04084344521303631 1.3544789952472844 1 CAMERA 1 9
10 1 0.83499094934528462 0.053962998330800899 -0.54534562538548093 -0.04976201558949421 2.3563575998683715 0.019628092659530826 1.5806854302816917 1 CAMERA 1 10
11 1 0.79700489005474029 0.057059777851669095 -0.59825936694748405 -0.060109207613685635 2.9240921584676114 0.5174242766500522 1.9166069473076508 1 CAMERA 1 11
12 1 0.77240209627672396 0.057362121094083 -0.62802126775789224 -0.075457776104787572 3.338864479498838 0.49807751026317576 2.3916657840466264 1 CAMERA 1 12
13 1 0.7913345341901411 0.051433304403527821 -0.60412268763224086 -0.078613284400313677 3.8953325761878466 0.43191591392520318 2.5134481485730999 1 CAMERA 1 13
14 1 0.82103315360834606 0.040843962995958071 -0.56367171943756977 -0.080687818591238844 3.7797620395587481 0.20487741429982109 2.3370501342971504 1 CAMERA 1 14
15 1 0.84580851422281655 0.035144479629340655 -0.52572793896418357 -0.083564089250384346 3.4375797979647524 -0.067388642128600768 2.4051500232629293 1 CAMERA 1 15
16 1 0.86621736991267151 0.028556720325864898 -0.4916046285179328 -0.084716415207146997 3.0485389788934905 -0.29383542317490396 2.284590913862389 1 CAMERA 1 16
17 1 0.88672460777792583 0.015359762061051772 -0.45445168397901597 -0.083409919069306088 2.5062602452387965 -0.35611543897547993 1.9700006402841406 1 CAMERA 1 17
18 1 0.90993272971113726 -0.0010666746079159145 -0.40699074395614765 -0.079873800083261393 1.9703113589636412 -0.49314418416893979 1.7147432572923078 1 CAMERA 1 18
19 1 0.93532904340169143 -0.016068955194435595 -0.34519862067663276 -0.075758045983157857 1.2998552157012455 -0.60824991964433106 1.5855527978712338 1 CAMERA 1 19
20 1 0.96071349604036627 -0.023392877503628635 -0.26752583303308369 -0.070087662737120041 0.68126802211039594 -0.6257515925720839 1.3014901722732766 1 CAMERA 1 20
21 1 0.98097774435611729 -0.024649120926774137 -0.18216887947088034 -0.062366539649441423 -0.13021237259127688 -0.45251657726149219 1.1577398121768714 1 CAMERA 1 21
22 1 0.99383407466787088 -0.02076238059094002 -0.095189972018822552 -0.052930376990058134 -0.92489894632009351 -0.41474179591309035 1.3635386789015114 1 CAMERA 1 22
23 1 0.99888067301088523 -0.019366875027635688 -0.012931625332647224 -0.041171571542035532 -1.619995828742292 -0.38898279818657644 1.4359830830341294 1 CAMERA 1 23
24 1 0.99721077137434211 -0.018635818446045463 0.066368820709739665 -0.02861054636727833 -2.2709993504821027 -0.35323277989927221 1.6381940843946636 1 CAMERA 1 24
25 1 0.98942934218497092 -0.020320320214305198 0.14254884897329614 -0.017218799789550061 -2.8862746137673905 -0.3150886033732026 2.1478885830167411 1 CAMERA 1 25
26 1 0.97547065145055734 -0.024757864243701928 0.21854682512947893 -0.0090189546257141671 -3.4190932310535707 -0.35080471213372627 2.4532110404258862 1 CAMERA 1 26
27 1 0.95630366892337493 -0.031740292118596344 0.29061681275202361 -0.0042088960278876602 -3.8647639211228264 -0.23407113741653043 2.9418211609173812 1 CAMERA 1 27
28 1 0.93482468948185971 -0.035370733203180384 0.35333971672224368 -0.0016600465230292539 -4.1643468621327813 -0.11593496214809847 3.5462847504531889 1 CAMERA 1 28
29 1 0.916558452827133 -0.03383322761497231 0.39846525977457814 0.0011627609658806336 -4.2634031079608281 -0.12494503890665955 3.7987277891653126 1 CAMERA 1 29
30 1 0.90308678705432355 -0.02909058470402243 0.42844955741495067 0.0043554196594495168 -4.3433142138349066 -0.15229709618898116 3.9883325830100675 1 CAMERA 1 30
